0.0529999732971
0.0150001049042
0.0160000324249
0.0149998664856
0.00600004196167
0.0220000743866
0.0019998550415
0.00300002098083
0.00100016593933
0.0299999713898
0.00399994850159
0.0220000743866
0.0139999389648
0.0019998550415
0.00200009346008
0.000999927520752
0.0110001564026
0.00300002098083
0.00799989700317
0.000999927520752
0.0110001564026
0.00699996948242
0.0299999713898
0.00200009346008
0.00699996948242
0.00200009346008
0.00599980354309
0.0140001773834
0.000999927520752
0.00200009346008
0.00299978256226
0.00300002098083
0.00400018692017
0.0189998149872
0.0090000629425
0.010999917984
0.00400018692017
0.00399994850159
0.010999917984
0.0250000953674
0.00499987602234
0.00200009346008
0.0179998874664
0.0119998455048
0.007000207901

---------------------------------------
0.021999835968
0.0110001564026
0.0319998264313
0.0230000019073
0.0090000629425
0.00399994850159
0.00699996948242
0.0140001773834
0.0490000247955
0.000999927520752
0.000999927520752
0.00200009346008
0.00399994850159
0.00600004196167
0.0139999389648
0.0299999713898
0.0239999294281
0.00500011444092
0.00799989700317
0.00200009346008
0.055999994278
0.00799989700317
0.00800013542175
0.00600004196167
0.00799989700317
0.000999927520752
0.0110001564026
0.0169999599457
0.00399994850159
0.0110001564026
0.00399994850159
0.0160000324249
0.0169999599457
0.0420000553131
0.000999927520752
0.0130000114441
0.00699996948242
0.0329999923706
0.00499987602234
0.00500011444092
0.0209999084473
0.0199999809265
0.0260000228882
0.00800013542175
0.00799989700317
0.0
0.00200009346008
0.00699996948242
0.0160000324249
0.0019998550415
