0.0539999008179
0.00999999046326
0.058000087738
0.0889999866486
0.0769999027252
0.0529999732971
0.0240001678467
0.00799989700317
0.0260000228882
0.0829999446869
0.0150001049042
0.0119998455048
0.0390000343323
0.00600004196167
0.0190000534058
0.0199999809265
0.010999917984
0.0500001907349
0.0259997844696
0.007000207901
0.00699996948242
0.00300002098083
0.00300002098083
0.0179998874664
0.000999927520752
0.0250000953674
0.00200009346008
0.0429999828339
0.0230000019073
0.00599980354309
0.0230000019073
0.0130000114441
0.00800013542175
0.00399994850159
0.0230000019073
0.00699996948242
0.00699996948242
0.00699996948242
0.00500011444092
0.00499987602234
0.018000125885
0.00600004196167
0.0149998664856
0.00800013542175
0.0160000324249

---------------------------------------
0.00699996948242
0.00399994850159
0.0199999809265
0.00600004196167
0.00300002098083
0.0199999809265
0.0620000362396
0.0130000114441
0.0409998893738
0.00600004196167
0.0220000743866
0.0159997940063
0.0270001888275
0.0569999217987
0.0120000839233
0.0169999599457
0.0209999084473
0.0090000629425
0.0169999599457
0.0539999008179
0.0400002002716
0.0130000114441
0.00799989700317
0.0329999923706
0.0269999504089
0.118000030518
0.0190000534058
0.0120000839233
0.00599980354309
0.00200009346008
0.0169999599457
0.0169999599457
0.0150001049042
0.0279998779297
0.0090000629425
0.0329999923706
0.0220000743866
0.0569999217987
0.0550000667572
0.0439999103546
0.0110001564026
0.00300002098083
0.0169999599457
0.00799989700317
0.0130000114441
0.00699996948242
0.0160000324249
0.0169999599457
0.0230000019073
0.0650000572205
