0.857000112534
0.688999891281
2.31200003624
0.529000043869
1.47300004959
0.984999895096
0.830000162125
1.14299988747
1.24699997902
0.410000085831
0.286000013351
0.388000011444
0.0679998397827
0.361000061035
0.120000123978
0.328999996185
1.22799992561
0.56500005722
2.08200001717
0.788999795914
0.0130000114441
0.798000097275
1.67199993134
0.875
0.713999986649
0.876000165939
0.868999958038
0.0929999351501
1.55200004578
1.59599995613
2.3710000515
0.792000055313
0.0939998626709
2.52100014687
0.574999809265
0.363000154495
0.0590000152588
0.888000011444
1.45799994469
1.81599998474
1.0569999218
0.296000003815
1.48200011253
0.264999866486
3.39400005341

---------------------------------------
1.07999992371
0.298000097275
0.0409998893738
1.91900014877
0.296999931335
1.25300002098
0.766999959946
0.707000017166
0.194000005722
2.64899992943
4.02600002289
1.52600002289
1.18600010872
1.16699981689
3.35800004005
0.657999992371
0.0880000591278
1.33899998665
3.11100006104
0.68499994278
0.0820000171661
0.158999919891
1.86000013351
1.20799994469
0.236999988556
0.394000053406
3.12400007248
2.45199990273
4.85299992561
0.546000003815
0.275000095367
0.389999866486
1.01400017738
1.36899995804
1.42000007629
0.694000005722
0.202999830246
1.18200016022
3.17499995232
0.873999834061
0.00100016593933
0.121000051498
0.659999847412
0.677000045776
0.93799996376
0.348999977112
2.76699995995
2.5640001297
0.058000087738
0.15399980545
