1.18899989128
8.9350001812
0.47000002861
16.0749998093
22.4660000801
0.792999982834
6.98699998856
2.53500008583
4.28600001335
4.92199993134
0.982000112534
1.29999995232
11.5120000839
5.70499992371
2.99000000954
0.960999965668
0.936000108719
2.42499995232
1.75300002098
2.06900000572
0.582000017166
2.74199986458
1.27300000191
0.552000045776
0.65700006485
2.6740000248
0.908999919891
3.56200003624
1.80099987984
1.50900006294
3.33800005913
0.174000024796
3.26099991798
1.617000103
3.30999994278
0.171999931335
1.03900003433
3.53800010681
0.485999822617
0.561999797821
0.952000141144
1.41700005531
0.501999855042
0.677000045776
1.66000008583

---------------------------------------
6.18700003624
5.17599987984
0.832000017166
0.254999876022
1.65300011635
2.57999992371
2.13199996948
5.05300021172
0.564999818802
7.4470000267
4.90799999237
1.27400016785
4.83899998665
4.85899996758
1.78299999237
3.21799993515
0.894000053406
4.49300003052
1.35599994659
0.259000062943
1.4319999218
3.69400000572
2.76399993896
4.47000002861
1.95199990273
3.05400013924
0.292999982834
0.865999937057
8.25
5.54800009727
11.868999958
1.75500011444
2.52300000191
5.72799992561
0.549000024796
11.0290000439
1.93399977684
2.33600020409
8.15999984741
5.62400007248
4.84500002861
3.55799984932
2.79300022125
19.632999897
1.97799992561
0.192000150681
0.142999887466
3.31599998474
2.31599998474
16.7120001316
