17.3940000534
29.5360000134
339.779000044
79.8550000191
209.16899991
21.5339999199
94.2039999962
44.25
29.742000103
31.4059998989
2.13300013542
55.7200000286
79.6879999638
6.15700006485
6.4470000267
18.9029998779
30.4590001106
45.3389999866
44.1740000248
35.1989998817
6.81999993324
20.2850000858
10.1429998875
10.6680002213
11.3169999123
3.44899988174
4.2990000248
7.03500008583
19.6979999542
3.82999992371
8.55800008774
26.3180000782
64.3239998817
24.5320000648
24.9719998837
34.239000082
32.3140001297
45.5099999905
19.4379999638
4.64199995995
42.6589999199
13.8440001011
7.67299985886
23.7430000305
30.1089999676

---------------------------------------
78.9849998951
56.1040000916
53.9129998684
35.7009999752
11.7470002174
3.38099980354
87.1540000439
113.802000046
13.2950000763
5.59699988365
19.0989999771
7.73200011253
82.5859999657
8.56699991226
49.3930001259
68.5820000172
62.6789999008
79.9460000992
10.493999958
39.7109999657
172.378999949
9.6130001545
2.56199979782
45.8000001907
171.731999874
2.5640001297
18.6729998589
120.999000072
43.0759999752
56.9089999199
51.0900001526
7.16699981689
14.9400000572
88.8830001354
171.419999838
41.5570001602
80.0889999866
7.85699987411
11.1570000648
52.1779999733
22.0069999695
26.5250000954
69.3399999142
17.1159999371
49.8040001392
89.6870000362
83.9029998779
1.89700007439
192.866999865
58.0280001163
