1,3,0,2
0,2,4,1,3
0,2,5,1,4,1
2,5,1,4,0,3,6
2,6,1,7,5,0,2,4
2,4,6,8,5,7,0,3,5
5,0,8,6,0,2,6,1,9,4
9,4,0,7,3,1,6,8,10,2,5
5,10,1,7,0,3,6,2,9,11,4,8
0,4,6,11,5,2,12,9,7,1,3,1,8
3,1,9,5,8,13,11,0,6,10,5,2,4,12
6,0,3,7,9,2,5,13,4,12,8,11,14,1,3
7,1,4,13,5,14,2,6,12,3,0,0,9,11,1,10
14,2,8,8,15,12,3,0,7,4,10,1,6,9,16,13,5
4,4,12,8,16,2,0,9,14,17,3,10,13,5,1,15,11,6
18,4,2,12,5,1,17,6,14,3,7,0,16,11,5,17,9,3,13
6,8,3,19,14,10,5,7,15,13,18,2,9,11,16,1,4,12,17,0
9,5,15,0,14,19,4,18,20,2,6,12,7,13,1,17,4,16,3,8,10
12,15,11,5,8,4,13,17,19,9,0,14,18,2,6,20,1,11,14,7,21,16
12,2,0,19,6,9,14,1,13,22,3,0,15,20,5,21,16,7,10,4,17,8,18
1,19,13,15,2,8,6,3,0,17,14,5,9,23,21,16,11,6,4,18,22,12,10,7
1,16,14,11,20,15,13,6,13,0,2,24,21,17,20,3,12,10,4,19,23,5,9,18,22
22,9,13,4,25,1,3,11,8,23,10,0,18,12,24,2,19,2,16,21,6,15,17,5,7,17
18,14,22,24,8,21,2,6,9,16,20,0,10,19,26,23,7,12,1,1,25,5,15,13,4,17,11
10,13,9,14,19,3,23,21,12,18,5,1,20,26,17,6,9,2,4,11,22,15,27,24,0,25,0,8
14,4,8,21,17,10,21,28,5,0,9,20,22,3,9,27,23,19,15,11,24,7,16,2,13,26,6,25,1
